-5500.0000 1027.7694
-5000.0000 1027.7852
-4500.0000 1027.7894
-4000.0000 1027.7886
-3500.0000 1027.7897
-3000.0000 1027.8051
-2500.0000 1027.8165
-2000.0000 1027.7848
-1750.0000 1027.7629
-1500.0000 1027.7297
-1400.0000 1027.7115
-1300.0000 1027.6846
-1200.0000 1027.6727
-1100.0000 1027.6372
-1000.0000 1027.5988
 -900.0000 1027.5540
 -800.0000 1027.5026
 -700.0000 1027.4337
 -600.0000 1027.3380
 -500.0000 1027.2524
 -400.0000 1027.1506
 -300.0000 1027.0222
 -250.0000 1026.9653
 -200.0000 1026.8773
 -150.0000 1026.7458
 -125.0000 1026.6521
 -100.0000 1026.5293
  -75.0000 1026.3756
  -50.0000 1026.0901
  -30.0000 1025.7001
  -20.0000 1025.5029
  -10.0000 1025.3558
    0.0000 1025.3215
